--- libcamera ---

Latencies (ms):
 [19.098262 16.579446 16.548467 16.518469 16.571354 16.50512  16.599255
 16.554812 16.583383 16.479727 16.543073 16.4823   16.515335 16.752423
 16.556442 16.652062 16.700243 16.583044 16.57536  16.67672  16.619059
 16.599802 16.564509 17.673254 17.211799 16.369991 17.234704 16.539085
 17.243844 16.265346 16.99298  17.981441 17.906485 17.535354 17.670044
 17.257325 17.857231 21.31238  19.573726 20.413959 19.652774 20.376518
 20.563908 20.425643 20.285527 19.728211 22.029118 20.343114 20.723485
 21.416929]
Mean latency (ms): 17.84885684
Std deviation (ms): 1.7045055113360985

--- v4l2 ---

Latencies (ms):
 [11.682631 10.400939  8.313504  9.908715 10.448582  9.865276  9.885237
  9.914104  9.798561  9.829058  9.751548  9.78223   9.859906  9.801024
  9.784192  9.784285  9.759546  9.736604  9.725272  9.768841  9.770915
  9.792191  9.743251  9.789524  9.619543  9.583639  9.625894  9.741733
  9.557476  9.636504  9.6096    9.676683  9.645335  9.618727  9.638669
  9.657056  9.625708  9.638484  9.579546  9.670258  9.670999  9.629634
  9.706402  9.620226  9.627282  9.611061  9.71266   9.654574  9.618522
  9.695921]
Mean latency (ms): 9.75136144
Std deviation (ms): 0.37889130170655333
